-1.38778e-17 -0 -1.9174 -0.00623557 
-1.38778e-17 -0 -1.9188 -0.00652099 
-1.38778e-17 -0 -1.91923 -0.00683074 
-1.38778e-17 -0 -1.91923 -0.00683074 
-1.38778e-17 -0 -1.91935 -0.00867136 
-1.38778e-17 -0 -1.91958 -0.00932672 
-1.38778e-17 -0 -1.91932 -0.00874592 
-1.38778e-17 -0 -1.91954 -0.00821358 
-1.38778e-17 -0 -1.9192 -0.00927443 
-1.38778e-17 -0 -1.9192 -0.00927443 
-1.38778e-17 -0 -1.91899 -0.0082858 
-1.38778e-17 -0 -1.9195 -0.00775628 
-1.38778e-17 -0 -1.9199 -0.00746842 
-1.38778e-17 -0 -1.9199 -0.00746842 
-1.38778e-17 -0 -1.91934 -0.00728616 
-1.38778e-17 -0 -1.91797 -0.00757879 
-1.38778e-17 -0 -1.91729 -0.00900709 
-1.38778e-17 -0 -1.91817 -0.00850142 
-1.38778e-17 -0 -1.91804 -0.00805912 
-1.38778e-17 -0 -1.91817 -0.0099586 
-1.38778e-17 -0 -1.91939 -0.0104374 
-1.38778e-17 -0 -1.92019 -0.0107233 
-1.38778e-17 -0 -1.92019 -0.0107233 
-1.38778e-17 -0 -1.91836 -0.00960685 
-1.38778e-17 -0 -1.91832 -0.00872942 
-1.38778e-17 -0 -1.91832 -0.00872942 
-1.38778e-17 -0 -1.91798 -0.00990506 
-1.38778e-17 -0 -1.91797 -0.0103595 
-1.38778e-17 -0 -1.91707 -0.0106764 
-1.38778e-17 -0 -1.91707 -0.0106764 
-1.38778e-17 -0 -1.91651 -0.00797451 
-1.38778e-17 -0 -1.91653 -0.00885547 
-1.38778e-17 -0 -1.9176 -0.00804505 
-1.38778e-17 -0 -1.91697 -0.00661187 
-1.38778e-17 -0 -1.91608 -0.00694068 
-1.38778e-17 -0 -1.9152 -0.00446049 
-1.38778e-17 -0 -1.91449 -0.00416493 
-1.38778e-17 -0 -1.91466 -0.00425741 
-1.38778e-17 -0 -1.91447 -0.00428538 
-1.38778e-17 -0 -1.91462 -0.00446455 
-1.38778e-17 -0 -1.9149 -0.00459132 
-1.38778e-17 -0 -1.91485 -0.00473112 
-1.38778e-17 -0 -1.91501 -0.00482171 
-1.38778e-17 -0 -1.91503 -0.00489528 
-1.38778e-17 -0 -1.91575 -0.00630237 
-1.38778e-17 -0 -1.91539 -0.00593892 
-1.38778e-17 -0 -1.91465 -0.0056305 
-1.38778e-17 -0 -1.91475 -0.00667667 
-1.38778e-17 -0 -1.91512 -0.00610139 
-1.38778e-17 -0 -1.91585 -0.00558022 
-1.38778e-17 -0 -1.91614 -0.0052092 
-1.38778e-17 -0 -1.9165 -0.00657527 
-1.38778e-17 -0 -1.91583 -0.00602903 
-1.38778e-17 -0 -1.91526 -0.00692368 
-1.38778e-17 -0 -1.91485 -0.00616267 
-1.38778e-17 -0 -1.91421 -0.0055965 
-1.38778e-17 -0 -1.91437 -0.00524786 
-1.38778e-17 -0 -1.91489 -0.00499365 
-1.38778e-17 -0 -1.91537 -0.00485233 
-1.38778e-17 -0 -1.91467 -0.00482566 
-1.38778e-17 -0 -1.91538 -0.00479405 
-1.38778e-17 -0 -1.91569 -0.00478597 
-1.38778e-17 -0 -1.91534 -0.00481692 
-1.38778e-17 -0 -1.91536 -0.00612363 
-1.38778e-17 -0 -1.91554 -0.00725074 
-1.38778e-17 -0 -1.91527 -0.00647363 
-1.38778e-17 -0 -1.91562 -0.00581446 
-1.38778e-17 -0 -1.91576 -0.00537683 
-1.38778e-17 -0 -1.91528 -0.00368829 
-1.38778e-17 -0 -1.91533 -0.00393068 
-1.38778e-17 -0 -1.91525 -0.00423295 
-1.38778e-17 -0 -1.9148 -0.00450397 
-1.38778e-17 -0 -1.91403 -0.00472804 
-1.38778e-17 -0 -1.91383 -0.00613303 
-1.38778e-17 -0 -1.9135 -0.00591778 
-1.38778e-17 -0 -1.91392 -0.00561671 
-1.38778e-17 -0 -1.91325 -0.00538878 
-1.38778e-17 -0 -1.9139 -0.00373255 
-1.38778e-17 -0 -1.91407 -0.00258309 
-1.38778e-17 -0 -1.914 -0.00332539 
-1.38778e-17 -0 -1.91462 -0.00540883 
-1.38778e-17 -0 -1.91481 -0.00689267 
-1.38778e-17 -0 -1.91502 -0.00502695 
-1.38778e-17 -0 -1.91529 -0.00497721 
-1.38778e-17 -0 -1.91519 -0.0049546 
-1.38778e-17 -0 -1.91552 -0.00494125 
-1.38778e-17 -0 -1.91559 -0.00631769 
-1.38778e-17 -0 -1.91554 -0.00587972 
-1.38778e-17 -0 -1.9158 -0.00696082 
-1.38778e-17 -0 -1.91597 -0.00777323 
-1.38778e-17 -0 -1.91601 -0.00820688 
-1.38778e-17 -0 -1.9159 -0.00699369 
-1.38778e-17 -0 -1.91619 -0.00743143 
-1.38778e-17 -0 -1.91606 -0.0064137 
-1.38778e-17 -0 -1.91541 -0.00569969 
-1.38778e-17 -0 -1.91551 -0.00513727 
-1.38778e-17 -0 -1.91555 -0.00638009 
-1.38778e-17 -0 -1.91541 -0.00580774 
-1.38778e-17 -0 -1.91591 -0.00670834 
-1.38778e-17 -0 -1.91601 -0.00745773 
-1.38778e-17 -0 -1.91546 -0.00801832 
-1.38778e-17 -0 -1.91501 -0.00557027 
-1.38778e-17 -0 -1.91509 -0.00506034 
-1.38778e-17 -0 -1.9155 -0.00621548 
-1.38778e-17 -0 -1.91544 -0.00567416 
-1.38778e-17 -0 -1.91639 -0.00526808 
-1.38778e-17 -0 -1.91632 -0.00650768 
-1.38778e-17 -0 -1.91678 -0.00733732 
-1.38778e-17 -0 -1.91948 -0.00921195 
-1.38778e-17 -0 -1.91961 -0.0103202 
-1.38778e-17 -0 -1.91946 -0.0107598 
-1.38778e-17 -0 -1.91911 -0.01105 
-1.38778e-17 -0 -1.9191 -0.0111091 
-1.38778e-17 -0 -1.91809 -0.0111483 
-1.38778e-17 -0 -1.9182 -0.0110766 
-1.38778e-17 -0 -1.91768 -0.0109721 
-1.38778e-17 -0 -1.91755 -0.0109034 
-1.38778e-17 -0 -1.91674 -0.0108557 
-1.38778e-17 -0 -1.916 -0.0108244 
-1.38778e-17 -0 -1.91623 -0.0108024 
-1.38778e-17 -0 -1.91649 -0.0107287 
-1.38778e-17 -0 -1.91576 -0.0107766 
-1.38778e-17 -0 -1.91517 -0.012322 
-1.38778e-17 -0 -1.91486 -0.011732 
-1.38778e-17 -0 -1.91481 -0.0113538 
-1.38778e-17 -0 -1.91529 -0.011019 
-1.38778e-17 -0 -1.91565 -0.0108492 
-1.38778e-17 -0 -1.91568 -0.0107665 
-1.38778e-17 -0 -1.9158 -0.0107456 
-1.38778e-17 -0 -1.91634 -0.0107377 
-1.38778e-17 -0 -1.91653 -0.00952499 
-1.38778e-17 -0 -1.9165 -0.00831277 
-1.38778e-17 -0 -1.91603 -0.00811466 
-1.38778e-17 -0 -1.9155 -0.00799499 
-1.38778e-17 -0 -1.91477 -0.00649991 
-1.38778e-17 -0 -1.91431 -0.00574929 
-1.38778e-17 -0 -1.91485 -0.00503768 
-1.38778e-17 -0 -1.91484 -0.00328124 
-1.38778e-17 -0 -1.91395 -0.00207406 
-1.38778e-17 -0 -1.91372 -0.00160667 
-1.38778e-17 -0 -1.91379 -0.0027771 
-1.38778e-17 -0 -1.91271 -0.00230231 
-1.38778e-17 -0 -1.91176 -0.00202499 
-1.38778e-17 -0 -1.91057 -0.00332982 
-1.38778e-17 -0 -1.90983 -0.0058496 
-1.38778e-17 -0 -1.90936 -0.00750532 
-1.38778e-17 -0 -1.9102 -0.00925753 
-1.38778e-17 -0 -1.91026 -0.0108643 
-1.38778e-17 -0 -1.90999 -0.0145011 
-1.38778e-17 -0 -1.90908 -0.0152984 
-1.38778e-17 -0 -1.91034 -0.0151256 
-1.38778e-17 -0 -1.91384 -0.0148523 
-1.38778e-17 -0 -1.91664 -0.0145373 
-1.38778e-17 -0 -1.91805 -0.0141701 
-1.38778e-17 -0 -1.91951 -0.0138067 
-1.38778e-17 -0 -1.9209 -0.0120399 
-1.38778e-17 -0 -1.9209 -0.0120399 
-1.38778e-17 -0 -1.92194 -0.0122539 
-1.38778e-17 -0 -1.92232 -0.0125354 
-1.38778e-17 -0 -1.92209 -0.012836 
-1.38778e-17 -0 -1.92106 -0.0130786 
-1.38778e-17 -0 -1.91999 -0.0131744 
-1.38778e-17 -0 -1.92041 -0.0148919 
-1.38778e-17 -0 -1.92 -0.014393 
-1.38778e-17 -0 -1.91987 -0.0140377 
-1.38778e-17 -0 -1.91949 -0.0137705 
-1.38778e-17 -0 -1.91989 -0.0149612 
-1.38778e-17 -0 -1.91957 -0.0157621 
-1.38778e-17 -0 -1.91938 -0.0149429 
-1.38778e-17 -0 -1.91924 -0.0142435 
-1.38778e-17 -0 -1.91939 -0.0136983 
-1.38778e-17 -0 -1.91988 -0.0134307 
-1.38778e-17 -0 -1.92001 -0.0131963 
-1.38778e-17 -0 -1.91984 -0.0131195 
-1.38778e-17 -0 -1.91874 -0.0147261 
-1.38778e-17 -0 -1.91868 -0.0142817 
-1.38778e-17 -0 -1.91854 -0.0139711 
-1.38778e-17 -0 -1.91851 -0.0151421 
-1.38778e-17 -0 -1.91758 -0.0146012 
-1.38778e-17 -0 -1.91732 -0.014178 
-1.38778e-17 -0 -1.91759 -0.0151133 
-1.38778e-17 -0 -1.91705 -0.0159743 
-1.38778e-17 -0 -1.91668 -0.0150859 
-1.38778e-17 -0 -1.9165 -0.0144343 
-1.38778e-17 -0 -1.91587 -0.0154065 
-1.38778e-17 -0 -1.91423 -0.0147409 
-1.38778e-17 -0 -1.91449 -0.0156744 
-1.38778e-17 -0 -1.91547 -0.0166733 
-1.38778e-17 -0 -1.91547 -0.0166733 
-1.38778e-17 -0 -1.91805 -0.0212852 
-1.38778e-17 -0 -1.92201 -0.025354 
-1.38778e-17 -0 -1.92343 -0.0292079 
-1.38778e-17 -0 -1.92525 -0.0332764 
-1.38778e-17 -0 -1.92631 -0.0347184 
-1.38778e-17 -0 -1.92784 -0.0384367 
-1.38778e-17 -0 -1.92904 -0.0451504 
-1.38778e-17 -0 -1.93005 -0.048951 
-1.38778e-17 -0 -1.93156 -0.0512289 
-1.38778e-17 -0 -1.93262 -0.0516563 
-1.38778e-17 -0 -1.93192 -0.0512529 
-1.38778e-17 -0 -1.93106 -0.0477296 
-1.38778e-17 -0 -1.93036 -0.0457546 
-1.38778e-17 -0 -1.92975 -0.044342 
-1.38778e-17 -0 -1.92752 -0.0429753 
-1.38778e-17 -0 -1.92752 -0.0429753 
-1.38778e-17 -0 -1.92604 -0.0441042 
-1.38778e-17 -0 -1.91225 -0.0467884 
-1.38778e-17 -0 -1.45303 0.123943 
-1.38778e-17 -0 -1.08695 0.0922158 
-1.38778e-17 -0 -0.690077 0.0605011 
-1.38778e-17 -0 -0.690077 0.0605011 
-1.38778e-17 -0 -0.483673 0.0529416 
-1.38778e-17 -0 -0.462272 0.0640491 
-1.38778e-17 -0 -0.462722 0.0651009 
-1.38778e-17 -0 -0.462264 0.0629911 
-1.38778e-17 -0 -0.547639 0.0644447 
-1.38778e-17 -0 -0.489655 0.0540916 
-1.38778e-17 -0 -0.489655 0.0540916 
-1.38778e-17 -0 -0.458377 0.0631346 
-1.38778e-17 -0 -0.449134 0.085231 
-1.38778e-17 -0 -0.449134 0.085231 
-1.38778e-17 -0 -0.425146 0.175837 
-1.38778e-17 -0 -0.369662 0.214423 
-1.38778e-17 -0 -0.365819 0.234374 
-1.38778e-17 -0 -0.365819 0.234374 
-1.38778e-17 -0 -0.432874 0.203346 
-1.38778e-17 -0 -0.551286 0.207704 
-1.38778e-17 -0 -1.12935 0.171761 
-1.38778e-17 -0 -1.58569 0.0920097 
-1.38778e-17 -0 -1.58569 0.0920097 
-1.38778e-17 -0 -1.8069 0.103134 
-1.38778e-17 -0 -1.89745 0.192467 
-1.38778e-17 -0 -1.88982 0.178703 
-1.38778e-17 -0 -1.90553 0.172902 
-1.38778e-17 -0 -1.90553 0.172902 
-1.38778e-17 -0 -1.94103 0.190736 
-1.38778e-17 -0 -1.92254 0.201612 
-1.38778e-17 -0 -1.92254 0.201612 
-1.38778e-17 -0 -1.87656 0.187033 
-1.38778e-17 -0 -1.87424 0.147495 
-1.38778e-17 -0 -1.93912 0.30998 
-1.38778e-17 -0 -1.95452 0.351479 
-1.38778e-17 -0 -1.94136 0.362236 
-1.38778e-17 -0 -1.93089 0.357659 
-1.38778e-17 -0 -1.93089 0.357659 
-1.38778e-17 -0 -1.92988 0.306672 
-1.38778e-17 -0 -1.92988 0.306672 
-1.38778e-17 -0 -1.90782 0.304184 
-1.38778e-17 -0 -1.90726 0.207651 
-1.38778e-17 -0 -1.88672 0.104872 
-1.38778e-17 -0 -2.02227 -0.205327 
-1.38778e-17 -0 -2.02254 -0.231379 
-1.38778e-17 -0 -2.01937 -0.233441 
-1.38778e-17 -0 -2.01937 -0.233441 
-1.38778e-17 -0 -2.01842 -0.215979 
-1.38778e-17 -0 -2.02011 -0.203281 
-1.38778e-17 -0 -2.02383 -0.197855 
-1.38778e-17 -0 -2.02383 -0.197855 
-1.38778e-17 -0 -2.0227 -0.205731 
-1.38778e-17 -0 -2.0215 -0.208695 
-1.38778e-17 -0 -2.02052 -0.208672 
-1.38778e-17 -0 -2.02052 -0.208672 
-1.38778e-17 -0 -2.02046 -0.172522 
-1.38778e-17 -0 -2.02699 -0.154872 
-1.38778e-17 -0 -2.02487 -0.148241 
-1.38778e-17 -0 -2.02347 -0.133641 
-1.38778e-17 -0 -2.01841 0.0804767 
-1.38778e-17 -0 -2.02992 0.169914 
-1.38778e-17 -0 -2.0296 0.135542 
-1.38778e-17 -0 -2.0296 0.135542 
-1.38778e-17 -0 -2.01572 0.0956165 
-1.38778e-17 -0 -2.01572 0.0956165 
-1.38778e-17 -0 -2.04065 0.0802287 
-1.38778e-17 -0 -2.04907 0.0961499 
-1.38778e-17 -0 -2.04196 0.0962715 
-1.38778e-17 -0 -2.04196 0.0962715 
-1.38778e-17 -0 -2.02885 0.107659 
-1.38778e-17 -0 -2.00809 0.109504 
-1.38778e-17 -0 -2.08627 0.386687 
-1.38778e-17 -0 -2.08044 0.475505 
-1.38778e-17 -0 -2.08044 0.475505 
-1.38778e-17 -0 -2.09348 0.279762 
-1.38778e-17 -0 -2.08804 0.317974 
0.001 0 -2.08965 0.314849 
0.003 0 -2.10267 0.208755 
0.003 0 -2.10267 0.208755 
0.003 0 -2.11242 0.101625 
0.003 0 -2.11242 0.101625 
0.0233052 0.0395457 -2.10961 -0.0827342 
0.0233052 0.0395457 -2.10961 -0.0827342 
0.0442287 0.0682373 -2.14761 0.00855183 
0.0439546 0.0726241 -2.2095 0.109845 
0.0439546 0.0726241 -2.2095 0.109845 
0.0439546 0.0726241 -2.20426 0.118033 
0.0485284 0.0803105 -2.15146 0.0740115 
0.0485284 0.0803105 -2.15146 0.0740115 
0.0953117 0.144063 -2.13976 0.16717 
0.14421 0.195627 -2.11772 0.192885 
0.14421 0.195627 -2.16568 0.0358307 
0.138138 0.199335 -2.16833 0.0978818 
0.138138 0.199335 -2.16833 0.0978818 
0.138138 0.199335 -2.16353 -0.0432215 
0.138138 0.199335 -2.17722 0.0146309 
0.138138 0.199335 -2.17722 0.0146309 
0.18383 0.19298 -2.16347 -0.0336851 
0.316552 0.158663 -2.10142 -0.158459 
0.316552 0.158663 -2.10142 -0.158459 
0.483633 0.107038 -2.06328 -0.124132 
0.483633 0.107038 -2.06328 -0.124132 
0.560104 0.0845833 -2.07469 -0.0417869 
0.560104 0.0845833 -2.07469 -0.0417869 
0.568664 0.0814874 -2.10462 0.407261 
0.568664 0.0814874 -2.1013 0.426165 
0.568664 0.0814874 -2.07601 0.66026 
0.568664 0.0814874 -2.07601 0.66026 
0.568664 0.0814874 -2.07785 0.662027 
0.568664 0.0814874 -2.14215 0.158167 
0.568664 0.0814874 -2.13858 0.166375 
0.568664 0.0814874 -2.09213 0.478044 
0.568664 0.0814874 -2.09213 0.478044 
0.568664 0.0814874 -2.08831 0.505515 
0.568664 0.0814874 -2.08831 0.505515 
0.568664 0.0814874 -2.08602 0.499363 
0.568664 0.0814874 -2.08486 0.536124 
0.568664 0.0814874 -2.08486 0.536124 
0.568664 0.0814874 -2.08226 0.576561 
0.568664 0.0814874 -2.08032 0.563792 
0.568664 0.0814874 -2.08157 0.541074 
0.568664 0.0814874 -1.82038 0.377372 
0.568664 0.0814874 -1.81055 0.38786 
0.568664 0.0814874 -1.80282 0.390286 
0.568664 0.0814874 -1.72327 0.383322 
0.568664 0.0814874 -1.72327 0.383322 
0.568664 0.0814874 -1.48834 0.359138 
0.568664 0.0814874 -1.1862 0.317099 
0.568664 0.0814874 -0.810268 0.260385 
0.568664 0.0814874 -0.810268 0.260385 
0.568664 0.0814874 -0.0899496 0.186483 
0.570662 0.0814042 0.187914 0.158888 
0.80188 0.0337435 0.258466 0.159935 
0.981571 -0.0412035 0.324631 0.141052 
1.29822 -0.252152 0.593318 0.0356391 
1.44981 -0.38398 0.743385 -0.0464649 
1.59939 -0.515771 0.948642 -0.112934 
1.59939 -0.515771 0.948642 -0.112934 
1.74281 -0.656449 1.1131 -0.143993 
1.85747 -0.784471 1.36658 -0.189344 
1.94678 -0.965493 1.50386 -0.284977 
2.01857 -1.15208 1.6304 -0.433581 
2.07881 -1.34474 1.75522 -0.549405 
2.12776 -1.54047 1.84281 -0.645751 
2.12776 -1.54047 1.84281 -0.645751 
2.22088 -1.70251 2.13241 -0.946933 
2.19308 -1.89857 2.29584 -1.12228 
2.13737 -2.10127 2.35544 -1.33082 
2.00163 -2.24983 2.33985 -1.57089 
1.84278 -2.37158 2.30292 -1.74809 
1.84278 -2.37158 2.30292 -1.74809 
1.71526 -2.49892 2.28283 -2.18768 
1.71526 -2.49892 2.28283 -2.18768 
1.6657 -2.52955 2.12978 -2.3091 
1.58745 -2.60069 2.01441 -2.38393 
1.58745 -2.60069 2.01441 -2.38393 
1.36703 -3.00145 1.97366 -2.5722 
1.17234 -3.04557 1.98512 -2.57296 
1.17234 -3.04557 1.98512 -2.57296 
1.40781 -3.07672 1.94211 -2.55839 
1.21532 -3.01898 2.04963 -2.56086 
0.628611 -2.91441 1.82129 -2.55213 
0.484223 -2.85876 1.2118 -2.51236 
0.414177 -2.8359 1.04573 -2.51371 
0.267918 -2.79617 0.839231 -2.50244 
0.070056 -2.76639 0.680166 -2.46565 
-0.128342 -2.73957 0.541281 -2.46659 
-0.325909 -2.7506 0.418547 -2.47298 
-0.325909 -2.7506 0.418547 -2.47298 
-0.49407 -2.64495 0.247826 -2.5703 
-0.49407 -2.64495 0.247826 -2.5703 
-0.624253 -2.48626 0.10329 -2.55783 
-0.724651 -2.29514 -0.101177 -2.46708 
-0.781152 -2.11469 -0.282608 -2.39177 
-0.818565 -1.91633 -0.41952 -2.34992 
-0.818565 -1.91633 -0.41952 -2.34992 
-0.847967 -1.71888 -0.537782 -2.3066 
-0.865502 -1.51916 -0.620923 -2.20561 
-0.873819 -1.31961 -0.720016 -2.04883 
-0.88895 -1.26991 -0.804035 -1.90767 
-0.89126 -1.0703 -0.914919 -1.87086 
-0.891143 -0.869233 -0.96604 -1.75403 
-0.891143 -0.869233 -0.96604 -1.75403 
-0.890544 -0.670355 -0.969447 -1.45532 
-0.889789 -0.519984 -0.958661 -1.35834 
-0.889789 -0.519984 -0.958661 -1.35834 
-0.889124 -0.41909 -0.958661 -1.35834 
-0.888946 -0.320135 -0.931054 -1.07879 
-0.946189 -0.128103 -0.901817 -1.01705 
-0.946189 -0.128103 -0.901817 -1.01705 
-0.942248 -0.0352946 -0.904579 -0.974142 
-0.936317 0.119579 -0.904579 -0.974142 
-0.936317 0.119579 -0.861037 -0.789657 
-0.936071 0.165459 -0.861037 -0.789657 
-0.936494 0.212584 -0.819159 -0.717143 
-0.938131 0.366605 -0.742132 -0.5706 
-0.937554 0.36852 -0.732772 -0.560222 
-0.937554 0.36852 -0.732772 -0.560222 
-0.933612 0.461328 -0.588554 -0.465401 
-0.933612 0.461328 -0.588554 -0.465401 
-0.933612 0.461328 -0.588554 -0.465401 
-0.933612 0.461328 -0.588554 -0.465401 
-0.922772 0.556236 -0.575509 -0.466102 
-0.922772 0.556236 -0.577071 -0.46195 
-0.922772 0.556236 -0.577071 -0.46195 
-0.923349 0.554321 -0.579389 -0.464962 
-0.923349 0.554321 -0.579389 -0.464962 
-0.923349 0.554321 -0.599708 -0.470417 
-0.481156 0.572843 -0.621611 -0.446792 
-0.481156 0.572843 -0.621611 -0.446792 
-0.390629 0.624573 -0.317625 -0.518734 
-0.330719 0.635143 -0.210228 -0.486343 
-0.20562 0.601576 -0.144957 -0.473781 
-0.48786 0.617926 -0.0888289 -0.485152 
-0.48786 0.617926 -0.0888289 -0.485152 
-0.314382 0.521125 -0.345282 -0.491325 
-0.146297 0.41125 -0.602618 -0.407126 
0.0259469 0.309604 -0.555225 -0.396829 
0.213858 0.241117 -0.50832 -0.38984 
0.111915 0.227857 -0.259598 -0.385151 
0.31076 0.26081 -0.440491 -0.225895 
0.31076 0.26081 -0.440491 -0.225895 
0.490145 0.356386 -0.341425 -0.0186847 
0.68168 0.41482 -0.178197 0.112163 
0.875742 0.46894 0.0617301 0.177622 
1.07372 0.49105 0.304574 0.245414 
1.07372 0.49105 0.304574 0.245414 
1.26925 0.455628 0.47344 0.275071 
1.44219 0.375516 0.715328 0.243664 
1.61567 0.279381 0.876606 0.221996 
1.79649 0.193206 1.09742 0.236936 
1.9811 0.191836 1.22586 0.247784 
2.24315 0.23695 1.42741 0.45151 
2.39825 0.341334 1.62972 0.475615 
2.59323 0.687171 1.62757 0.524718 
2.61107 0.881554 1.79356 0.585939 
2.59298 1.07993 1.98999 0.729725 
2.56176 1.27266 2.03419 0.806069 
2.54463 1.4246 2.11338 0.903584 
2.54463 1.4246 2.11338 0.903584 
2.53918 1.47192 2.23605 0.947184 
2.53857 1.47468 2.33636 1.05047 
2.51905 1.71228 2.48095 1.20595 
2.46473 1.90448 2.53882 1.25228 
2.3653 2.06631 2.54577 1.36215 
2.21816 2.19867 2.53364 1.45559 
2.21816 2.19867 2.53364 1.45559 
2.17329 2.22507 2.53364 1.45559 
2.12279 2.24902 2.5059 1.54088 
1.93839 2.32574 2.46251 1.66489 
1.79433 2.37286 2.42563 1.79496 
1.60137 2.43083 2.34583 1.95931 
1.35921 2.49607 2.17625 2.14823 
1.35296 2.52639 2.06544 2.23323 
1.15457 2.56318 1.9781 2.31421 
1.10521 2.57186 1.9781 2.31421 
0.907292 2.61083 1.77826 2.36431 
0.907292 2.61083 1.77826 2.36431 
0.71078 2.64996 1.58737 2.4148 
0.662042 2.65943 1.54306 2.41766 
0.612523 2.66952 1.48302 2.4302 
0.282133 2.697 1.09825 2.50841 
0.0835139 2.73105 0.88992 2.52319 
-0.116019 2.73669 0.69453 2.5949 
-0.116019 2.73669 0.69453 2.5949 
-0.31203 2.70075 0.500842 2.61422 
-0.488625 2.64106 0.328387 2.59548 
-0.488625 2.64106 0.328387 2.59548 
-0.628441 2.59844 0.147381 2.55454 
-0.628441 2.59844 0.147381 2.55454 
-0.946433 2.45755 -0.194742 2.56701 
-1.10197 2.3327 -0.356075 2.58743 
-1.10197 2.3327 -0.356075 2.58743 
-1.20087 2.18054 -0.484007 2.5727 
-1.20087 2.18054 -0.484007 2.5727 
-1.26272 1.98929 -0.629621 2.43992 
-1.26272 1.98929 -0.629621 2.43992 
-1.24822 1.76606 -0.719936 2.3197 
-1.23253 1.56669 -0.868246 2.18796 
-1.17208 1.41756 -0.993217 2.11396 
-1.1557 1.21821 -1.08882 1.99267 
-1.15917 0.616795 -1.29772 1.50023 
-1.1736 0.426044 -1.29017 1.26988 
-1.1736 0.426044 -1.29017 1.26988 
-1.19145 0.227363 -1.2701 1.09966 
-1.20235 0.0274269 -1.304 0.884607 
-1.20046 -0.173375 -1.35072 0.697147 
-1.20046 -0.173375 -1.35072 0.697147 
-1.19551 -0.273422 -1.36026 0.633184 
-1.18738 -0.423619 -1.3628 0.366797 
-1.21092 -0.996582 -1.29074 -0.231049 
-1.21092 -0.996582 -1.29074 -0.231049 
-1.22315 -1.04528 -1.29074 -0.231049 
-1.23401 -1.09434 -1.32431 -0.353023 
-1.25393 -1.24343 -1.37289 -0.505406 
-1.27691 -1.44741 -1.35879 -0.671497 
-1.26233 -1.64568 -1.34304 -0.84645 
-1.23521 -1.8441 -1.33001 -1.01284 
-1.23521 -1.8441 -1.33001 -1.01284 
-1.20451 -2.04288 -1.31037 -1.22853 
-1.07681 -2.39131 -1.33353 -1.64933 
-0.951977 -2.51889 -1.27598 -1.81031 
-1.21411 -2.58568 -1.18689 -1.99979 
-1.10271 -2.61981 -1.46639 -2.1372 
-1.10271 -2.61981 -1.46639 -2.1372 
-0.943875 -2.64305 -1.39022 -2.25283 
-0.943875 -2.64305 -1.39022 -2.25283 
-0.485651 -2.61872 -0.93173 -2.31611 
-0.447713 -2.61789 -0.834665 -2.41426 
-0.447713 -2.61789 -0.834665 -2.41426 
-0.131887 -2.66827 -0.693843 -2.46047 
-0.131887 -2.66827 -0.693843 -2.46047 
0.234205 -2.74763 -0.517008 -2.57373 
0.630718 -2.80387 -0.119452 -2.78888 
0.977871 -2.82828 0.24248 -2.83602 
0.977871 -2.82828 0.24248 -2.83602 
1.17732 -2.83453 0.371347 -2.85925 
1.37905 -2.83799 0.630243 -2.89567 
1.37905 -2.83799 0.630243 -2.89567 
1.57883 -2.8316 0.834756 -2.92853 
1.98649 -2.73318 1.30367 -2.96567 
1.98649 -2.73318 1.30367 -2.96567 
2.12471 -2.60347 1.45454 -3.00009 
2.23296 -2.4343 1.72949 -2.95129 
2.23296 -2.4343 1.72949 -2.95129 
2.3186 -2.25445 1.93 -2.94209 
2.36794 -1.96856 2.1514 -2.91293 
2.41652 -1.78524 2.35215 -2.68214 
2.46364 -1.61034 2.44917 -2.55975 
2.52054 -1.4173 2.5757 -2.3293 
2.52054 -1.4173 2.5757 -2.3293 
2.58427 -1.22804 2.68317 -2.15582 
2.67411 -1.25741 2.73759 -1.98988 
2.7378 -1.06588 2.76346 -1.96608 
2.78878 -0.871588 2.76274 -1.76654 
2.81766 -0.67319 2.76254 -1.57852 
2.81766 -0.67319 2.76254 -1.57852 
2.8258 -0.472477 2.70115 -1.38253 
2.81936 -0.101326 2.62169 -1.2 
2.81936 -0.101326 2.62169 -1.2 
2.81949 0.295401 2.39036 -0.755056 
2.77875 0.489301 2.26712 -0.632129 
2.7191 0.681059 2.13364 -0.544472 
2.7191 0.681059 2.13364 -0.544472 
2.67139 0.857246 2.04984 -0.504293 
2.64544 0.955807 1.88951 -0.413545 
2.64544 0.955807 1.88951 -0.413545 
2.64365 0.965846 1.73047 -0.36055 
2.63608 0.987008 1.75946 -0.287358 
2.43293 1.22228 1.85679 -0.291746 
2.25178 1.28528 1.81399 -0.263721 
2.0418 1.30949 1.81399 -0.263721 
2.0418 1.30949 1.81399 -0.263721 
1.88747 1.28887 1.81399 -0.263721 
-0.167787 0.217259 0.540824 0.124741 
-0.366598 0.212035 0.305315 0.137392 
-0.565409 0.206812 0.135333 0.121143 
-0.775681 0.19675 -0.106385 0.0869309 
-0.800032 0.202497 -0.202471 0.0671266 
-0.800032 0.202497 -0.202471 0.0671266 
-0.930648 0.262768 -0.330191 0.0588658 
-1.09321 0.3755 -0.537514 0.0910429 
-1.18968 0.745527 -0.783395 0.274609 
-1.18968 0.745527 -0.783395 0.274609 
-1.18378 0.94332 -0.864431 0.327539 
-1.17061 1.14148 -1.01095 0.458045 
-1.15526 1.34016 -1.19254 0.686626 
-1.13484 1.50668 -1.25678 0.761722 
-1.10501 1.70389 -1.42921 1.0031 
-1.07583 1.89505 -1.41927 1.21148 
-1.02535 2.14049 -1.47855 1.55122 
-0.972013 2.28031 -1.47973 1.7357 
-0.729754 2.60718 -1.34796 2.19355 
-0.729754 2.60718 -1.34796 2.19355 
-0.61974 2.67004 -1.26723 2.35482 
-0.572087 2.68091 -1.26723 2.35482 
-0.373774 2.71244 -1.13337 2.47133 
-0.174481 2.7405 -0.876705 2.54379 
-0.025725 2.76177 -0.759721 2.57906 
0.0238603 2.76887 -0.759721 2.57906 
0.0238603 2.76887 -0.682898 2.60646 
0.122387 2.78431 -0.598825 2.63152 
0.32266 2.8089 -0.462422 2.66946 
0.32266 2.8089 -0.462422 2.66946 
0.449664 2.84915 -0.22969 2.75967 
0.449664 2.84915 -0.203359 2.77827 
0.697922 2.82581 -0.0914322 2.80284 
0.89348 2.78673 0.118739 2.81583 
0.89348 2.78673 0.118739 2.81583 
1.08676 2.7357 0.334072 2.84593 
1.08676 2.7357 0.334072 2.84593 
1.27075 2.68689 0.469939 2.83582 
1.43307 2.63388 0.825085 2.92557 
1.61829 2.56096 1.00601 2.92886 
1.963 2.36194 1.4496 2.833 
2.11383 2.23082 1.67327 2.75017 
2.11383 2.23082 1.67327 2.75017 
2.27056 2.13711 1.93827 2.69249 
2.35861 1.95797 2.19151 2.61549 
2.43085 1.76398 2.26908 2.56378 
2.43085 1.76398 2.26908 2.56378 
2.50498 1.55841 2.6525 2.29485 
2.50498 1.55841 2.6525 2.29485 
2.51877 1.25807 2.84146 2.05376 
2.5098 1.10718 2.90908 1.86295 
2.48738 0.907299 2.90375 1.58612 
2.48738 0.907299 2.90375 1.58612 
2.484 0.78703 2.86298 1.43971 
2.45542 0.587949 2.77532 1.2133 
2.4255 0.388418 2.70718 1.01174 
2.39513 0.190227 2.6244 0.825781 
2.36789 -0.00840334 2.48986 0.654839 
2.36789 -0.00840334 2.48986 0.654839 
2.33439 -0.206154 2.39223 0.560276 
2.34124 -0.424469 2.28317 0.362577 
2.34124 -0.424469 2.28317 0.362577 
2.27315 -0.60071 2.24646 0.342184 
2.23439 -0.698228 2.15071 0.409974 
2.22938 -0.709178 2.06342 0.45756 
2.22938 -0.709178 2.06342 0.45756 
2.18756 -0.777445 2.19173 0.353436 
2.18756 -0.777445 2.19173 0.353436 
2.17991 -0.791094 2.19173 0.353436 
2.17991 -0.791094 2.19173 0.353436 
2.17587 -0.802511 2.30599 0.348568 
2.17587 -0.802511 2.30599 0.348568 
2.07687 -0.821773 2.35075 0.340095 
1.85245 -0.753396 2.35075 0.340095 
1.67573 -0.659623 2.35075 0.340095 
1.67573 -0.659623 2.35075 0.340095 
1.63233 -0.632378 2.35075 0.340095 
1.59071 -0.606026 2.35075 0.340095 
1.4632 -0.530102 2.35075 0.340095 
1.28647 -0.43633 1.99576 0.404194 
1.10305 -0.360451 1.86532 0.381113 
0.854991 -0.22488 1.6268 0.258159 
0.658452 -0.185275 1.4289 0.263469 
0.458935 -0.172819 1.20409 0.241609 
0.458935 -0.172819 1.20409 0.241609 
0.273953 -0.222145 1.00827 0.215414 
-0.126652 -0.231106 0.609415 0.129243 
-0.322572 -0.268222 0.338177 0.145095 
-0.500451 -0.358775 0.140647 0.107222 
-0.647681 -0.516915 -0.0909807 -0.0253352 
-0.647681 -0.516915 -0.0909807 -0.0253352 
-0.759912 -0.681843 -0.285312 -0.128683 
-0.837363 -0.866638 -0.48038 -0.237351 
-0.837363 -0.866638 -0.48038 -0.237351 
-0.912369 -1.05432 -0.738506 -0.373782 
-0.971815 -1.22758 -0.911839 -0.487393 
-1.0102 -1.33679 -1.01668 -0.641598 
-1.03569 -1.38566 -1.0772 -0.754885 
-1.04056 -1.43325 -1.15937 -0.952482 
-1.05068 -1.44036 -1.1718 -1.03834 
-1.05068 -1.44036 -1.1718 -1.03834 
-1.11896 -1.46221 -0.91883 -1.121 
-1.15562 -1.47425 -0.913629 -1.11716 
-1.15562 -1.47425 -0.917318 -1.11704 
-1.154 -1.4735 -0.930071 -1.12461 
-1.1491 -1.47125 -0.969263 -1.08651 
-1.16468 -1.49082 -0.992655 -1.0659 
-1.21262 -1.61264 -1.0066 -1.10844 
-1.23026 -1.79915 -1.0244 -1.18378 
-1.18454 -1.99413 -1.13225 -1.28563 
-1.06988 -2.15712 -1.25813 -1.45482 
-0.918098 -2.27523 -1.34421 -1.58963 
-0.744412 -2.37612 -1.32708 -1.90236 
-0.586826 -2.43319 -1.25043 -2.13265 
-0.538199 -2.44892 -1.25043 -2.13265 
-0.490897 -2.46315 -1.23463 -2.17376 
-0.343663 -2.49979 -1.17241 -2.25548 
-0.147369 -2.54511 -0.945704 -2.34721 
-0.147369 -2.54511 -0.945704 -2.34721 
0.0480894 -2.59251 -0.77623 -2.4007 
0.243548 -2.6399 -0.536275 -2.47754 
0.399954 -2.644 -0.346115 -2.52384 
0.538122 -2.69175 -0.154054 -2.51022 
0.709659 -2.74631 0.00186586 -2.57623 
0.709659 -2.74631 0.00186586 -2.57623 
0.904619 -2.80152 0.20662 -2.66124 
1.09834 -2.85515 0.304115 -2.69384 
1.09834 -2.85515 0.304115 -2.69384 
1.31477 -2.89758 0.537998 -2.77853 
1.51246 -2.90994 0.758512 -2.84239 
1.51246 -2.90994 0.758512 -2.84239 
1.70558 -2.85866 0.930357 -2.88891 
1.87606 -2.76779 1.14605 -2.91211 
1.87606 -2.76779 1.14605 -2.91211 
2.00812 -2.61876 1.3927 -2.89828 
2.00812 -2.61876 1.3927 -2.89828 
2.10651 -2.3331 1.57269 -2.74393 
2.18972 -2.16743 1.70059 -2.68218 
2.27657 -1.99243 1.9064 -2.59586 
2.3573 -1.80947 2.10192 -2.46577 
2.3573 -1.80947 2.10192 -2.46577 
2.42492 -1.62052 2.19756 -2.33842 
2.55617 -1.26457 2.47384 -1.99705 
2.60958 -1.07166 2.54091 -1.81846 
2.70782 -0.685136 2.52857 -1.44216 
2.70782 -0.685136 2.52857 -1.44216 
2.74483 -0.508237 2.48613 -1.18272 
2.78966 -0.312783 2.36116 -1.06318 
2.81172 -0.113978 2.28002 -0.976029 
2.80964 0.0864033 2.1739 -0.842073 
2.80964 0.0864033 2.1739 -0.842073 
2.79458 0.286016 2.09714 -0.721699 
2.79458 0.286016 2.09714 -0.721699 
2.82197 0.41927 2.05662 -0.664307 
2.82052 0.470513 1.97253 -0.592427 
2.82052 0.470513 1.93821 -0.570008 
2.82052 0.470513 2.04326 -0.52397 
2.80206 0.510502 2.07261 -0.69108 
2.80206 0.510502 2.07261 -0.69108 
2.74419 0.616463 2.05024 -0.652216 
2.56788 0.71049 2.03648 -0.616589 
2.36689 0.731967 2.03648 -0.616589 
2.15142 0.694026 2.03648 -0.616589 
1.95711 0.646631 1.78512 -0.5609 
1.76796 0.58196 1.7994 -0.556513 
1.76796 0.58196 1.7994 -0.556513 
1.5795 0.51437 1.82321 -0.517018 
1.39225 0.44604 1.83798 -0.466368 
1.25006 0.39566 1.8404 -0.459369 
1.20356 0.379423 1.8404 -0.459369 
1.06409 0.233665 1.74349 -0.313831 
0.868292 0.197235 1.57195 -0.218053 
0.868292 0.197235 1.57195 -0.218053 
0.466452 0.191784 1.17598 0.0127668 
0.441718 0.1923 1.13923 0.029305 
0.0887035 0.222083 0.694658 -0.0604856 
0.0887035 0.222083 0.694658 -0.0604856 
0.0887035 0.222083 0.668123 0.00680784 
0.0887035 0.222083 0.668123 0.00680784 
0.0887035 0.222083 0.668123 0.00680784 
0.0395538 0.23397 0.431054 0.0844314 
0.0395538 0.23397 0.431054 0.0844314 
0.0395538 0.23397 0.431054 0.0844314 
0.03094 0.236379 0.359723 0.122789 
-0.0610232 0.269526 0.341333 0.115997 
-0.096807 0.286035 0.328488 0.114149 
-0.137657 0.307674 0.312758 0.113562 
-0.268565 0.384219 0.279937 0.125747 
-0.489777 0.484592 0.268443 0.138588 
-0.642749 0.613818 0.125997 0.129262 
-0.677491 0.649286 0.0853113 0.138758 
-0.827135 0.851217 -0.136707 0.224464 
-0.901449 1.03505 -0.201022 0.251735 
-0.94188 1.11231 -0.397965 0.317363 
-0.941028 1.16212 -0.530575 0.318794 
-0.925482 1.3127 -0.583664 0.282994 
-0.884439 1.78521 -1.03098 0.721652 
-0.884439 1.78521 -1.03098 0.721652 
-0.885752 1.94533 -1.12188 0.8678 
-0.905354 2.05864 -1.25566 1.05367 
-0.905354 2.05864 -1.25566 1.05367 
-0.957944 2.15912 -1.37941 1.31038 
-0.957944 2.15912 -1.37941 1.31038 
-0.986758 2.25285 -1.42953 1.6928 
-1.00399 2.30849 -1.27973 1.81018 
-1.02729 2.40776 -1.19615 1.90171 
-1.02729 2.40776 -1.19615 1.90171 
-1.02959 2.50798 -1.21215 1.93763 
-1.0366 2.61804 -1.22422 1.97186 
-0.908059 2.76808 -1.22547 1.9651 
-0.806357 2.85959 -1.21685 1.97859 
-0.629334 2.89338 -1.22608 2.02477 
-0.258704 2.82447 -1.19536 2.06878 
-0.060282 2.7994 -0.777212 2.10557 
-0.060282 2.7994 -0.777212 2.10557 
0.337006 2.76553 -0.431111 2.2977 
0.537059 2.76198 -0.291425 2.41651 
0.537059 2.76198 -0.291425 2.41651 
0.73581 2.76025 -0.203283 2.48806 
0.743905 2.77799 -0.0438316 2.68328 
0.94352 2.75684 0.15261 2.76283 
1.14202 2.73764 0.398747 2.74838 
1.14202 2.73764 0.398747 2.74838 
1.34163 2.71649 0.617206 2.77173 
1.34163 2.71649 0.617206 2.77173 
1.54043 2.69229 0.767092 2.81176 
1.71589 2.6968 1.05623 2.8588 
1.91339 2.66368 1.26653 2.88481 
2.11202 2.63855 1.4465 2.82798 
2.30846 2.60145 1.64219 2.73833 
2.47247 2.53786 1.79149 2.70586 
2.7356 2.24676 2.07218 2.68968 
2.73604 1.99964 2.30522 2.58959 
2.69925 1.78153 2.53161 2.38132 
2.60762 1.39368 2.68132 2.16218 
2.60762 1.39368 2.68132 2.16218 
2.55883 1.20083 2.67707 1.91985 
2.51004 1.00798 2.6682 1.77703 
2.55098 0.875102 2.69109 1.58959 
2.55098 0.875102 2.69109 1.58959 
2.50423 0.68192 2.69059 1.44134 
2.40959 0.293633 2.39247 1.01274 
2.40959 0.293633 2.39247 1.01274 
2.36476 0.0993121 2.28484 0.86112 
2.36476 0.0993121 2.28484 0.86112 
2.34738 -0.328232 2.06406 0.648 
2.34984 -0.526926 1.99156 0.583488 
2.35745 -0.716164 2.04159 0.496482 
2.36148 -0.817355 1.95132 0.59465 
2.36148 -0.817355 1.95132 0.59465 
2.36148 -0.817355 1.95132 0.59465 
2.36128 -0.827403 1.94627 0.595847 
2.36128 -0.827403 1.93386 0.615615 
2.35899 -0.838207 2.03375 0.653687 
2.33197 -0.905665 2.0999 0.658877 
2.27852 -0.958013 2.14361 0.664529 
2.06769 -1.01133 2.28353 0.567289 
1.98244 -0.968422 2.28353 0.567289 
1.90041 -0.891817 2.28353 0.567289 
1.90041 -0.891817 2.28353 0.567289 
1.80432 -0.773792 2.28353 0.567289 
1.80432 -0.773792 2.28353 0.567289 
1.77748 -0.616869 2.28353 0.567289 
1.77748 -0.616869 2.28353 0.567289 
1.7979 -0.399133 2.28353 0.567289 
1.79021 -0.294606 2.28353 0.567289 
1.78334 -0.213151 2.28353 0.567289 
1.78093 -0.181988 2.28353 0.567289 
1.78093 -0.181988 2.28353 0.567289 
1.76649 -0.172134 1.13987 -0.0336479 
1.76649 -0.172134 1.13604 -0.29344 
1.76649 -0.172134 1.10115 -0.397762 
1.76649 -0.172134 1.10115 -0.397762 
1.76649 -0.172134 1.07465 -0.416032 
1.76649 -0.172134 1.09343 -0.411133 
1.76649 -0.172134 1.09508 -0.410411 
1.76649 -0.172134 1.08319 -0.414588 
1.76649 -0.172134 1.08319 -0.414588 
1.76649 -0.172134 1.0797 -0.412405 
1.76649 -0.172134 1.0797 -0.412405 
1.76649 -0.172134 1.10284 -0.426005 
1.76137 -0.174923 1.01682 -0.440136 
1.73697 -0.183915 0.827042 -0.40833 
1.73697 -0.183915 0.827042 -0.40833 
1.73193 -0.184706 0.665145 -0.34717 
1.71361 -0.21401 0.665145 -0.34717 
1.71361 -0.21401 0.665145 -0.34717 
1.69537 -0.218875 0.30918 -0.18564 
